order_id,prod_id,qty
1,4,2
1,6,3
2,2,3
2,5,3
3,4,3
4,1,3
4,3,2
5,3,2
6,1,4
7,1,2
7,6,4
8,6,4
9,1,4
10,1,2
10,2,2
11,1,4
11,3,1
11,6,2
12,2,2
12,6,3
13,1,1
13,3,1
14,2,4
14,5,1
14,6,4
15,2,4
16,1,2
16,2,2
16,3,1
17,2,3
17,4,1
18,4,1
19,2,4
19,6,1
20,1,1
20,2,2
20,3,3
21,5,2
22,1,1
22,6,3
23,1,3
23,3,2
24,4,4
25,1,2
25,3,2
25,6,1
26,3,3
27,6,2
28,6,4
29,1,2
29,6,4
30,4,3
30,5,3
31,1,4
31,5,2
32,1,3
32,5,1
33,4,1
33,6,4
34,1,1
34,6,3
35,3,1
35,6,2
36,4,4
36,6,2
37,6,4
38,3,2
39,1,1
39,6,3
40,2,1
40,6,4
41,1,4
41,2,2
42,3,2
43,5,3
43,6,3
44,2,2
44,5,1
45,4,2
45,6,4
46,2,3
46,3,3
47,1,1
47,2,1
48,2,3
48,5,2
49,1,2
49,6,3
50,3,2
50,5,2
50,6,4
51,6,2
52,6,2
53,6,3
54,1,1
54,2,4
54,6,3
55,1,4
56,1,2
56,3,1
56,4,3
57,1,4
57,6,1
58,1,4
58,6,1
59,2,3
60,6,4
61,1,2
61,4,3
62,6,2
63,4,1
63,5,2
64,2,3
65,6,2
66,1,1
66,3,2
66,4,1
67,3,4
67,6,1
68,1,3
68,4,2
68,6,3
69,6,3
70,5,3
70,6,3
71,3,2
71,6,3
72,3,2
72,5,2
73,5,3
73,6,2
74,2,3
75,6,4
76,1,2
76,6,3
77,1,1
77,3,1
77,5,3
78,1,2
78,3,2
79,1,1
80,5,3
80,6,4
81,1,3
81,2,4
81,4,1
82,4,3
83,1,3
84,2,3
84,5,1
85,3,1
85,6,2
86,6,3
87,1,4
87,2,2
87,4,3
88,3,3
88,6,1
89,1,2
89,6,1
90,2,3
90,3,1
90,4,1
91,1,1
91,2,2
92,6,2
93,6,3
94,1,3
94,3,1
94,6,4
95,1,4
95,5,2
95,6,2
96,1,1
96,6,3
97,1,4
97,5,3
97,6,3
98,4,1
98,5,1
99,4,4
100,2,2
100,4,2
100,6,1
101,1,2
101,6,3
102,2,3
102,3,2
103,2,1
103,6,3
104,2,1
105,3,3
105,4,2
106,1,2
106,3,2
107,6,4
108,5,2
109,1,3
109,5,3
110,1,4
111,1,3
111,2,3
111,3,2
112,2,1
112,3,1
112,6,4
113,2,3
113,3,4
114,1,3
114,2,1
114,5,3
115,5,1
115,6,2
116,2,4
116,6,2
117,6,3
118,1,3
118,6,4
119,4,2
120,6,3
121,2,1
121,6,2
122,4,4
123,1,2
123,4,1
123,6,2
124,3,4
124,6,1
125,1,3
126,1,4
127,6,3
128,3,4
128,5,1
129,5,4
130,4,3
130,6,2
131,1,1
131,5,3
132,3,1
132,4,1
132,6,4
133,2,3
133,4,2
134,2,1
134,5,1
134,6,4
135,3,4
135,4,1
136,3,3
137,4,3
138,1,3
139,1,4
139,2,1
139,3,2
140,2,1
140,3,2
141,3,3
141,5,2
142,6,4
143,1,4
144,6,2
145,6,2
146,5,3
147,2,4
147,3,2
147,4,1
148,1,1
148,6,4
149,1,1
149,5,3
149,6,1
150,1,1
150,4,3
150,5,2
151,3,2
151,6,4
152,4,3
152,5,4
153,1,4
153,3,1
154,2,2
154,5,1
155,6,2
156,4,4
156,6,2
157,1,3
157,5,2
158,1,3
158,2,2
158,4,4
159,1,3
159,6,3
160,1,1
160,6,1
161,1,2
161,4,2
162,1,3
162,5,4
163,6,6
164,3,3
164,6,2
165,3,3
165,4,3
165,6,2
166,1,2
166,4,3
167,3,3
167,6,2
168,3,2
168,6,2
169,1,2
169,2,1
169,6,2
170,1,4
171,4,3
172,1,1
172,5,2
172,6,4
173,1,4
174,1,4
174,4,4
175,1,3
176,1,3
176,6,4
177,3,4
177,6,1
178,1,2
178,6,1
179,5,3
179,6,1
180,3,1
180,6,3
181,1,4
182,1,3
183,2,4
183,6,2
184,3,3
184,6,2
185,1,2
185,6,2
186,3,2
186,5,2
186,6,1
187,4,4
187,5,2
188,1,4
188,6,1
189,1,4
189,5,2
190,6,3
191,3,3
192,5,1
192,6,3
193,1,4
193,5,2
194,6,7
195,2,4
196,6,4
197,2,4
197,6,2
198,1,3
198,3,2
198,6,4
199,4,2
199,5,2
199,6,4
200,3,4
201,2,3
201,3,1
201,6,2
202,5,2
202,6,7
203,1,3
203,4,1
204,1,1
204,2,2
204,6,2
205,4,1
205,5,4
206,6,6
207,2,3
207,3,3
207,4,3
208,4,1
208,6,3
209,1,4
209,3,2
209,4,1
210,1,4
210,2,1
211,1,2
211,3,1
212,2,4
212,6,4
213,6,4
214,6,4
215,3,3
216,4,4
217,1,2
217,6,4
218,1,1
218,5,2
219,1,3
220,1,1
220,3,4
221,4,3
221,5,1
222,5,4
222,6,2
223,6,1
224,2,3
225,2,1
225,4,1
226,6,3
227,1,3
227,5,2
227,6,3
228,5,4
229,2,2
229,5,2
230,4,2
230,6,3
231,2,2
231,5,1
231,6,4
232,1,3
233,5,3
233,6,3
234,6,4
235,6,4
236,4,3
237,1,2
237,5,4
238,1,3
238,6,2
239,1,3
239,6,4
240,1,3
240,6,1
241,2,2
241,3,2
241,6,3
242,4,3
243,6,2
244,4,2
244,6,2
245,4,3
245,5,1
246,1,4
247,3,4
248,4,4
249,1,1
249,5,3
250,1,2
250,6,3
251,1,3
251,2,2
252,4,4
252,6,2
253,4,4
254,6,4
255,1,2
255,5,2
256,5,3
257,6,1
258,2,4
258,6,3
259,6,4
260,4,4
261,1,2
261,6,1
262,1,2
262,3,2
262,4,2
263,4,2
263,6,2
264,4,4
264,6,1
265,6,4
266,6,2
267,6,5
268,6,2
269,6,4
270,3,2
270,5,3
271,3,4
271,5,1
271,6,2
272,2,2
272,5,4
273,6,6
274,6,3
275,1,3
275,3,3
276,2,4
276,6,1
277,2,3
278,1,2
278,5,1
278,6,4
279,6,3
280,2,4
280,3,2
281,1,3
281,6,2
282,4,2
282,5,4
282,6,1
283,1,2
284,4,3
285,4,4
285,5,1
286,3,2
287,1,1
287,6,3
288,6,2
289,3,2
290,1,1
290,2,2
290,5,3
291,2,2
291,6,4
292,1,2
293,6,4
294,1,3
294,4,3
295,3,1
295,4,4
296,2,3
296,3,4
296,6,1
297,2,3
297,4,2
297,6,1
298,1,4
299,2,3
299,4,1
300,4,4
300,6,4
301,4,2
301,6,5
302,6,3
303,3,1
303,6,3
304,1,3
304,2,2
305,2,4
305,4,3
305,6,1
306,1,1
306,4,3
306,6,4
307,2,4
308,6,3
309,1,1
309,6,2
310,2,1
310,6,2
311,6,2
312,4,4
312,6,2
313,1,4
313,2,4
314,1,2
314,2,4
314,6,1
315,1,3
316,2,2
316,4,3
317,3,2
317,6,3
318,6,2
319,1,4
320,1,1
320,2,2
320,5,4
321,6,4
322,3,2
323,2,4
323,4,1
323,6,1
324,1,4
324,5,3
324,6,2
325,4,1
325,5,1
326,5,3
326,6,4
327,6,3
328,1,2
329,2,3
329,4,2
330,5,4
331,6,2
332,6,2
333,4,3
333,6,4
334,1,3
334,3,1
334,6,1
335,1,1
335,5,2
336,2,2
336,6,4
337,6,4
338,1,1
338,4,1
339,1,2
339,6,2
340,3,3
340,4,3
340,5,2
341,2,2
341,6,3
342,1,3
342,6,4
343,3,1
343,6,2
344,4,4
345,5,4
346,3,3
346,4,3
346,6,1
347,1,1
347,3,1
347,6,1
348,5,2
349,1,4
350,4,3
350,5,4
351,3,2
351,5,1
352,1,3
353,6,3
354,6,2
355,1,1
355,4,1
355,5,4
356,1,3
357,4,4
357,5,2
358,6,4
359,1,3
360,1,2
360,6,3
361,3,2
361,4,1
362,6,1
363,6,3
364,1,2
364,6,1
365,3,2
365,4,1
365,6,3
366,5,3
367,1,4
367,3,1
368,1,2
368,5,3
369,1,2
369,6,2
370,1,3
370,6,4
371,1,2
371,3,3
372,6,6
373,1,1
374,1,1
374,5,3
374,6,1
375,1,2
375,6,1
376,6,4
377,6,3
378,4,4
379,2,3
380,3,2
380,6,2
381,6,2
382,1,3
383,6,2
384,1,4
384,6,1
385,4,1
385,5,4
386,1,2
386,5,3
387,3,1
387,6,3
388,2,2
388,6,4
389,5,4
390,6,3
391,5,4
392,3,2
392,6,3
393,2,4
393,5,1
394,4,4
394,6,4
395,1,4
395,2,2
396,3,3
396,6,1
397,5,2
397,6,4
398,5,4
398,6,1
399,1,3
399,6,4
400,6,3
401,1,3
401,5,3
402,1,1
402,2,3
403,1,2
403,4,2
404,1,3
404,2,1
404,6,4
405,3,3
406,6,3
407,2,3
407,4,3
408,1,1
408,6,3
409,1,3
409,2,2
410,6,3
411,1,1
411,6,4
412,3,2
412,4,1
412,6,2
413,6,3
414,5,1
414,6,4
415,4,4
415,6,4
416,3,1
416,4,1
417,2,1
418,2,3
418,4,3
418,6,2
419,5,1
419,6,3
420,1,1
420,6,2
421,2,2
421,3,2
421,5,2
422,5,2
422,6,4
423,4,4
423,6,2
424,5,2
424,6,2
425,2,1
425,5,2
425,6,3
426,2,4
426,5,3
427,3,4
427,6,1
428,3,4
428,6,2
429,1,2
429,3,3
430,1,2
430,6,4
431,3,1
431,6,4
432,2,4
432,6,3
433,6,1
434,1,3
434,3,1
434,6,3
435,6,4
436,1,2
436,2,2
437,1,4
437,4,1
438,1,4
438,5,1
439,3,1
439,6,3
440,6,3
441,2,2
441,3,4
442,1,2
442,2,3
442,4,2
443,1,3
443,2,1
443,6,1
444,2,1
445,4,1
445,6,4
446,1,1
446,2,1
446,6,2
447,2,1
447,6,4
448,6,1
449,4,3
449,6,3
450,4,1
450,5,3
450,6,1
451,2,2
451,5,1
451,6,2
452,6,5
453,1,3
454,2,4
454,3,1
454,6,4
455,1,2
455,5,1
456,6,3
457,1,4
458,1,2
458,3,4
459,1,2
459,4,3
459,6,1
460,1,3
460,2,2
461,6,3
462,1,4
463,1,1
463,6,4
464,1,1
464,5,4
465,1,4
466,6,4
467,6,3
468,3,2
469,1,3
469,3,2
470,2,2
470,5,1
470,6,4
471,3,2
471,4,1
472,5,4
473,3,4
473,6,3
474,1,3
474,4,3
475,5,3
475,6,3
476,2,2
476,5,3
477,2,4
477,3,3
477,6,2
478,1,1
478,6,2
479,2,3
479,4,3
480,4,1
480,6,3
481,5,4
481,6,1
482,1,2
482,4,4
482,6,1
483,5,3
483,6,6
484,6,2
485,6,3
486,3,2
486,5,2
487,2,1
487,6,4
488,1,3
489,6,4
490,2,1
491,2,3
492,2,3
493,1,1
494,1,3
494,3,4
495,4,4
495,6,2
496,3,4
496,6,2
497,4,1
497,6,2
498,2,3
498,3,1
498,6,1
499,6,5
500,5,2
501,6,5
502,3,3
503,3,4
503,6,1
504,1,3
505,1,2
505,6,1
506,3,2
506,4,1
507,4,4
507,6,2
508,1,4
508,6,2
509,1,4
509,3,1
509,6,1
510,3,1
510,5,4
511,3,2
512,5,3
512,6,1
513,6,3
514,1,1
514,2,2
514,4,2
515,1,1
515,2,4
515,6,1
516,2,4
516,6,2
517,6,3
518,1,4
518,5,1
519,4,1
520,3,3
521,2,3
521,5,4
522,6,4
523,4,4
523,6,1
524,1,2
525,1,4
526,6,4
527,1,2
527,4,2
528,1,2
528,3,2
528,4,1
529,1,2
529,2,3
529,6,2
530,1,1
530,2,2
530,4,1
531,3,2
531,6,4
532,2,4
533,3,2
534,2,3
534,6,4
535,3,3
536,6,7
537,2,1
537,5,3
537,6,4
538,2,1
539,1,3
540,2,3
540,4,2
541,1,4
541,5,1
541,6,2
542,2,1
542,6,4
543,1,3
543,6,4
544,2,3
544,6,4
545,2,4
545,6,4
546,6,2
547,1,4
547,6,4
548,1,3
549,6,4
550,2,2
550,6,5
551,1,4
551,2,2
552,1,3
552,3,2
552,4,1
553,5,4
554,2,3
554,3,1
554,6,4
555,2,4
555,5,3
556,4,1
556,5,1
556,6,1
557,1,3
557,4,4
558,1,2
559,3,1
559,4,1
560,5,3
560,6,4
561,1,1
561,6,4
562,4,3
563,1,4
564,4,4
564,6,1
565,6,3
566,2,1
567,4,1
567,5,3
568,1,1
568,6,6
569,4,3
570,1,2
570,3,3
571,5,3
571,6,4
572,1,3
572,5,1
573,4,4
573,6,4
574,1,3
575,4,3
576,2,1
576,4,3
576,5,1
577,3,3
577,6,4
578,1,1
578,2,3
579,6,2
580,3,3
580,4,1
581,6,1
582,3,3
582,6,5
583,3,1
583,6,4
584,1,1
584,3,2
584,6,1
585,3,2
585,5,2
585,6,2
586,1,4
586,5,1
586,6,1
587,4,1
587,6,3
588,3,2
588,6,3
589,2,3
589,3,4
589,4,1
590,2,1
590,6,3
591,5,2
591,6,3
592,1,2
592,4,3
593,3,4
594,1,3
595,6,4
596,5,2
596,6,4
597,1,3
597,3,4
598,2,4
599,1,4
599,5,1
600,2,2
600,6,3
601,3,4
601,6,4
602,2,2
602,6,4
603,1,2
603,6,1
604,1,2
604,6,5
605,2,1
605,4,3
605,6,2
606,3,3
606,6,3
607,3,2
608,2,4
608,3,4
609,3,4
610,1,3
610,5,2
611,1,2
612,1,2
612,6,4
613,1,1
613,6,1
614,1,3
615,3,3
616,1,2
617,1,1
617,2,4
617,4,3
618,3,4
618,4,3
619,1,3
619,6,2
620,1,2
620,2,3
621,5,2
622,3,3
622,4,4
622,6,1
623,1,4
623,6,1
624,1,4
624,2,2
625,1,4
625,6,4
626,1,2
626,6,4
627,2,3
627,6,2
628,3,2
628,5,4
628,6,1
629,4,1
629,6,1
630,5,2
631,5,3
632,1,3
632,4,1
632,6,1
633,3,1
633,6,4
634,6,3
635,1,1
636,3,2
637,5,4
638,1,2
638,2,2
638,5,2
639,5,2
640,1,3
640,4,1
640,5,4
641,2,1
642,6,2
643,3,2
643,5,3
643,6,1
644,4,3
644,5,4
645,2,1
645,5,3
646,6,1
647,3,2
647,6,1
648,1,4
648,4,1
649,3,1
649,4,3
649,6,1
650,6,6
651,3,3
652,2,4
652,6,3
653,3,2
654,1,3
654,6,3
655,1,2
655,6,2
656,6,2
657,6,4
658,3,2
658,6,3
659,6,3
660,1,3
661,4,4
661,6,3
662,1,1
662,6,3
663,4,4
663,5,2
664,6,3
665,1,4
665,6,1
666,1,1
666,6,3
667,1,1
667,6,1
668,2,2
668,6,4
669,5,4
669,6,3
670,1,4
670,4,1
671,2,3
671,6,3
672,5,2
672,6,4
673,6,3
674,4,2
674,6,2
675,1,4
675,3,2
675,6,2
676,3,1
676,6,1
677,1,2
677,6,2
678,3,1
678,6,2
679,3,2
679,6,2
680,2,4
680,6,3
681,1,2
681,2,3
681,5,3
682,1,3
682,6,2
683,1,3
683,4,1
684,4,3
685,2,4
685,6,1
686,1,4
687,1,4
687,2,1
688,1,3
688,4,1
688,6,2
689,1,2
689,5,1
689,6,3
690,1,2
691,6,3
692,2,3
692,3,2
693,2,3
694,4,1
694,6,5
695,5,4
695,6,2
696,1,2
696,5,4
697,3,2
697,5,2
698,1,4
699,4,3
700,5,3
700,6,3
701,3,4
701,5,2
702,4,1
702,6,2
703,1,3
704,1,2
704,5,3
705,2,3
705,6,3
706,3,4
706,6,3
707,1,2
707,5,2
708,4,1
708,5,4
709,6,3
710,6,2
711,2,4
712,1,4
713,1,3
713,2,4
714,3,4
715,1,3
715,4,2
716,2,1
716,5,4
716,6,1
717,3,2
717,4,4
718,1,3
718,2,2
718,4,2
719,1,4
719,4,1
719,6,3
720,3,2
720,4,3
721,1,3
721,6,1
722,3,1
722,6,3
723,2,2
723,6,1
724,6,2
725,3,3
726,2,4
726,5,2
727,5,3
727,6,1
728,5,3
728,6,3
729,1,4
730,4,2
730,5,3
731,6,4
732,1,3
732,3,1
733,1,3
733,4,4
734,5,3
735,5,3
736,1,3
737,2,3
737,5,1
738,4,3
738,6,3
739,3,2
740,5,1
740,6,3
741,5,3
742,1,4
742,4,3
742,6,1
743,3,1
743,6,3
744,2,4
744,4,2
744,6,3
745,6,2
746,2,4
746,4,1
747,6,1
748,5,4
748,6,2
749,1,2
749,4,4
749,6,1
750,1,3
750,2,2
750,4,1
751,4,2
752,6,4
753,2,2
753,5,4
754,6,3
755,6,4
756,3,4
756,4,3
756,6,3
757,3,1
757,4,2
758,5,3
759,4,2
760,5,4
761,3,3
761,6,1
762,6,4
763,3,4
763,5,3
764,2,2
764,4,4
765,1,2
766,5,4
766,6,2
767,4,3
767,6,4
768,1,4
768,2,1
769,1,4
770,2,2
770,5,2
771,2,4
772,4,1
772,5,1
772,6,1
773,3,3
773,4,1
774,1,2
774,3,1
775,4,2
775,6,1
776,6,4
777,5,4
777,6,1
778,2,2
778,3,4
779,2,3
779,5,2
779,6,1
780,3,4
781,1,1
781,3,2
781,5,1
782,3,1
782,5,4
783,6,3
784,2,3
785,2,4
785,4,4
785,5,1
786,4,2
786,6,2
787,1,2
787,5,2
788,6,4
789,1,3
789,4,1
789,6,4
790,1,1
790,3,3
791,5,3
792,4,2
792,6,4
793,2,2
793,6,4
794,2,2
794,5,1
794,6,1
795,6,3
796,4,1
796,5,4
797,1,3
797,3,1
798,1,4
798,6,2
799,1,4
800,1,3
800,3,3
801,1,1
801,3,4
802,6,4
803,1,3
803,4,2
803,6,2
804,6,3
805,1,3
805,3,2
806,3,2
806,5,3
807,1,3
807,2,1
808,1,4
808,6,1
809,1,2
809,2,1
810,4,2
810,6,6
811,1,4
812,1,2
812,3,1
812,6,1
813,1,3
813,4,3
813,6,2
814,2,2
815,1,1
815,4,2
815,6,3
816,1,2
816,3,4
817,1,1
817,6,4
818,2,3
818,6,4
819,1,2
819,2,4
819,4,2
820,2,1
820,6,4
821,1,4
822,1,4
822,4,1
822,6,1
823,2,1
823,3,4
824,6,4
825,1,4
825,3,2
826,3,2
826,4,1
827,6,4
828,4,2
828,6,1
829,1,2
829,2,3
830,3,4
830,6,1
831,4,2
832,3,2
832,4,1
833,1,4
833,4,1
834,3,1
834,6,4
835,1,4
836,2,1
836,6,2
837,3,2
838,1,2
838,4,4
839,3,1
839,6,3
840,1,3
841,6,2
842,2,4
842,4,1
843,4,2
844,4,3
844,6,2
845,1,3
845,3,2
845,4,4
846,1,3
846,4,1
847,1,1
847,3,2
847,4,4
848,3,2
848,6,1
849,6,1
850,3,1
850,4,2
850,6,2
851,1,3
851,5,1
852,5,3
852,6,2
853,1,2
854,4,3
854,6,4
855,6,3
856,1,2
856,3,1
857,6,4
858,5,3
858,6,3
859,1,3
859,4,1
860,1,3
860,3,1
860,5,3
861,1,2
861,3,2
861,5,1
862,5,1
862,6,1
863,6,3
864,2,3
865,1,3
865,2,4
866,3,3
866,6,2
